Test
5.0
0.0
0.0
0.0
10.0
15.0
5.0
0.0
0.0
10.0
FiverA
10.0
0.0
1.2042771838760873
0.0
10.0
10.08
6.33
1.196463344814909
10.0
10.0
10.76
6.96
-0.045423939112404416
10.0
10.0
13.19
5.76
-1.0679531158670357
10.0
10.0
14.53
3.59
-0.9272952180016122
10.0
10.0
17.44
2.5
0.6143558967020041
0.0
10.0
FiverB
7.51
2.47
0.20401797959254858
0.0
10.0
20.65
5.09
0.19739555984988078
0.0
10.0
FiverC
20.65
5.09
-2.922923707715851
0.0
10.0
5.75
2.8
-2.9708575648427
10.0
10.0
0.0
0.0
-2.178170906488923
0.0
10.0
Straight5ft
10.0
1.0
0.0
0.0
10.0
15.0
1.0
0.0
0.0
10.0
Straight10ft
10.0
1.0
0.0
0.0
10.0
20.0
1.0
0.0
0.0
10.0
Circle
10.0
0.0
1.5707963267948966
0.0
10.0
11.5
3.5
0.7853981633974483
10.0
10.0
15.0
5.0
0.0
10.0
10.0
18.5
3.5
-0.7853981633974483
10.0
10.0
20.0
0.0
-1.5707963267948966
10.0
10.0
18.5
-3.5
-2.356194490192345
10.0
10.0
15.0
-5.0
-3.141592653589793
10.0
10.0
11.5
-3.5
2.356194490192345
10.0
10.0
10.0
0.0
1.5707963267948966
0.0
10.0
